i0,f19,n15,24,25,26,s8,9,16,e0,1,2,9,w0,15,24,25,26,27
i1,f57,n3,4,5,6,11,14,15,24,25,26,27,s9,17,e1,2,9,25,w0,1,9
i2,f18,n24,25,26,s9,10,18,e15,24,25,26,w0,1,9
i3,f5,n6,15,18,25,s1,15,25,26,e11,15,25,w11,15,18,25
i4,f8,n4,7,15,17,24,25,s1,4,15,25,e8,15,16,25,w7,10,15,24,25,27
i5,f8,n15,17,s1,15,25,e8,12,15,25,w10,15,21,25
i6,f20,n11,15,17,25,27,s1,3,11,14,15,25,e6,8,15,27,w6,10,15
i7,f7,n7,15,17,18,s4,7,15,25,e4,8,15,24,25,w10,15,18,25
i8,f53,n0,8,9,s8,9,16,e9,10,w4,5,6,7,15,24,25,26,27
i9,f318,n0,1,2,8,9,10,s8,9,10,15,16,17,18,27,e1,2,9,10,15,17,18,w0,1,8,9,15,16,17
i10,f52,n2,9,10,s9,10,18,e4,5,6,7,15,24,25,26,27,w8,9
i11,f9,n6,15,s1,6,25,e3,14,15,25,w3,15,25
i12,f2,n17,25,s20,e13,w5,15
i13,f2,n17,25,s21,e15,25,w12
i14,f3,n6,15,21,s1,25,26,e15,24,25,w11,15,26
i15,f142,n3,4,5,6,7,9,15,16,17,18,19,20,21,22,25,26,27,s0,1,3,4,5,6,7,11,14,15,22,24,25,26,27,e0,3,4,5,6,7,8,9,11,12,14,15,16,19,20,22,24,25,26,27,w2,3,4,5,6,7,9,10,11,13,14,15,17,18,19,21,22,25,26,27
i16,f13,n0,8,9,s15,25,26,27,e9,17,18,w4,15,25,26
i17,f67,n1,9,s4,5,6,7,12,13,15,25,26,27,e9,15,17,18,w9,16,17
i18,f12,n2,9,10,s3,7,15,25,26,27,e3,7,15,25,26,27,w9,16,17
i19,f1,n22,s15,e15,w15
i20,f2,n12,s15,e21,w15
i21,f2,n13,s14,15,e5,15,w20
i22,f5,n15,s15,19,e15,w15
i24,f16,n15,25,27,s0,1,2,4,25,26,e0,4,8,25,26,w2,7,10,14,15,25,26
i25,f141,n3,4,5,6,7,11,14,15,16,17,18,24,25,26,27,s0,1,2,3,4,6,12,13,15,24,25,26,27,e0,3,4,5,7,8,11,15,16,24,25,26,27,w1,2,3,4,5,7,10,11,13,14,15,18,24,25,26,27
i26,f24,n3,14,15,16,17,18,24,25,26,27,s0,1,2,15,25,26,e0,8,14,15,16,24,25,w2,10,15,18,24,25,27
i27,f18,n9,15,16,17,18,25,s1,6,15,24,25,26,e0,4,8,15,25,26,w6,10,15,18,25